0.058023
0.395971
0.510321
0.350797
0.884216
0.459449
0.810607
0.030667
0.659500
0.124190
0.003237
0.985440
0.127633
0.097271
0.054037
0.769887
0.622002
0.478049
0.314877
0.538874
0.814264
0.717168
o.952853
0.678016
0.628994
0.848389
0.379950
"0.310961"
0.810783
0.095951
0.230310
0.845420
0.567901
'0.761154'
0.481545
0.633 706
0.037769
0.327485
0.252197
0.044035
0.704749
0.063480
0.562599
0.943989
0.961808
0.214299
0.041474
0.878903
0.810998
0.836566
0.320794
0.585932
0.548954
0.840561
0.180706
0.004500
0.261019
0.971287
0.106657
0.603141
0.566528
0.598293
0.803218
0.865169
0.267849
0.540716
0.638301
0.003353
0.062866
0.725827
0.843969
0.819879
0.354833
0.077458
0.239764
0.070158
0.907085
0.366838
0.753021
0.007552
0.203056
0.644339
0.909788
0.560786
0.189444
0.246454
0.561792
0.599978
0.591705
0.401577
0.047859
0.395619
a0.772394
0.002522
0.047910
0.323085
twopointthree
0.760545
0.096711
0.585460
0.545687
0.628521
0.995856
0.123863
0.978811
0.441399
0.432642
0.713622
0.100357
0.891095
0.732090,
0.106271
,0.879452
0.577248
0.827o22
0.674687
0.887913
0.348993
0.664114
0.991422
0.479216
0.070406
0.302301
0.177852
0.662090
0.853152
0.672401
0.761311
0.381783
0.141820
0.764738
0.976928
0.326816
0.257514
0.922488
0.130111
0.023190
0.650791
0.301444
0.188142
0.063715
0.650211
0.421462
0.757145
0.758375
0.799801
0.931060
0.788959
0.361268
0.265733
0.554352
0.527718
0.804408
0.130890
0.817550
0.945267
0.889808
0.145272
0.200232
0.745880
0.126608
0.820861
0.238889
0.133314
0.492170
0.533267
0.228279
0.352432
0.320819
0.565022
0.027267
0.579438
0.576411
0.306536
0.235412
0.168801
0.814115
0.900090
0.982295
0.596670
0.152036
0.111825
0.668279
0.281670
0.983322
0.857527
0.065442
0.688031
0.021837
0.987855
0.656554
0.616453
0.507665
0.566493
0.964132
0.790764
0.530811
0.867380
0.586060
0.839696
0.234841
0.194521
0.242813
0.709694
0.519381
0.423699
0.964414
0.825058
0.557908
0.262177
0.153690
0.113821
0.635293
0.294948
0.098318
0.178047
0.426075
0.232201
0.857556
"0.877202",
0.167085
0.079678
0.820747
0.701603
0.106030
0.095901
0.755807
0.955847
0.693402
0.967387
0.219029
0.955296
0.255773
0.475109
0.838012
0.832977
0.393806
0.275151
0.089682
0.434144
0.261141
0.407044
0.671050
0.619716
0.970933
0.202132
0.271960
0.096109
0.021270
0.056437
0.521601
0.818233
0.308176
0.549415
0.540343,0.543452
0.791370
0.413118
0.324415,
0.044438
0.789312
0.344299
0.891609
0.807046
0.345534
0.808314
0.333137
0.017218
0.632107
0.509464
0.423691
0.668309
0.351096
0.142907
0.948098
0.636275
0.647359
0.599643
0.450573,
0.520833
0.059745
0.502745
0.206478
0.145009
0.991545
0.265203
0.313305
0.373529
0.745618
0.530500
0.629632
0.441590
0.170835
0.899110
0.464029,
0.203458
0.343703
0.299681
0.017751
0.650633
0.866872
0.550061
0.200062
0.561415
0.724664
0.163318
0.740166
0.027408
0.499881
0.971946
0.641254
0.950333
0.740801
0.499125
0.178322
0.211407
0.801736
0.754603
0.390058
0.570625
0.035878
0.435363
0.445983
0.213458
0.145472
0.285957
0.491320
0.245675,
0.861002
0.448184
0.486778
0.460887
0.912801
0.003604
0.700440
0.209519
0.397804,
0.125020
0.961185
0.206187
0.013035
0.348401
0.956838
0.756774,
0.438332
0.403643
0.914290
0.795317
0.324800
0.403548
0.975724
0.295810
0.825978
0.711728
0.361451
0.916308
0.408502
0.396260
0.244819
0.711188
0.400604
0.793660
0.658569
0.645354
0.283811
0.281595
0.633680
0.783245
0.828324
0.650552
0.181890
0.101059
0.369970
0.615095,
0.466696
0.729042
0.746878
0.200945
0.670100
0.624794
0.965191
0.308037
0.452384
0.258517
0.279643
0.223128
0.312944
0.491493
0.321524
0.247899
0.599494
0.280240
0.932252
0.353215
0.717042
0.086264,
0.143399
0.073314
0.581107
0.050582
0.756984
0.812552
0.323916
0.304352
0.275110
0.732355
0.924113
0.105938
0.053005
0.240017
0.367241
0.372109
0.905646
0.361815
0.718373
0.641511
0.240227
0.516424
0.164673
0.195349
0.295561
0.883196
0.882435
0.820500
0.386864
0.666614
0.521440
0.104135
0.697098
0.713242
0.048737
0.205526
0.699794
0.070044
0.918667
0.392231
0.824620
0.593020
0.593174
0.863950
0.114778
0.080367
0.008825
0.434208
0.666660
0.672993
0.417649
0.511167
0.718684
0.700240
0.790261
0.179072
0.302736
0.358020,
0.358432
0.577093
0.295113
0.307833
0.686525
0.326128
0.868623
0.727664
0.272122
0.796239
0.694807
0.094778,
0.242927,
0.327834
0.287962
0.003206
0.938233
0.853244
0.654270
0.170256
0.844335
0.522065
0.492134
0.090607
0.442439
0.440886
0.152183
0.308758
0.503164
0.618455
0.409889
0.082681
0.439605
0.887305
0.782168
0.755022
0.054626
0.393412
0.607091
0.924792
0.456098
0.564854
0.079517,
0.049857
0.515139
0.943729
0.767435
0.561191
0.045531
0.166421
0.439288
0.305510
0.023834
0.499675
0.559007
0.221397
0.035875
0.059928
0.146091
0.152441
0.382080
0.366394
0.476510
0.108505
0.570755
0.053022
0.303294
0.921067
0.221966
0.497373
0.748199
0.627937
0.995670
0.724062
0.741505
0.257795
0.466697
0.866860
0.914937
0.426433
0.177778
0.004098
0.427447
0.439873
0.648145
0.616209
0.165456
0.725476
0.743107
0.152067
0.954889
0.514843
0.663934
0.528963
0.641748
0.663777
0.567708
0.693638
0.150117
0.684103
0.943420
0.639980
0.251954
0.525392
0.692333
0.780365
0.003433
0.732309
0.279083
0.319753
0.564977
0.319551,
0.937866
0.415001
0.774930,
0.053994
0.623068
0.816465
0.061474
0.381701
0.391932
0.268553
0.587375,
0.053231
0.649517,
0.400977
0.192892
0.803985
0.876832
0.471528
0.736682
0.208551
0.536110
0.024661
0.397803
0.794910
0.315229
0.750021
0.555613
0.612877
0.021548
0.952926
0.809965
0.426165
0.142612
0.776063
0.047771
0.598878
0.965378
0.573567
0.355749
0.024059
0.732611
0.053673
0.977642
0.419267
0.277094
0.416672
0.680678
0.302396
0.902742
0.585375
0.465796
0.758689
0.922188
0.974182
0.326756
0.145519
0.450362
0.531614
0.781572
0.115255
0.648348
0.482565
0.155490
0.779516
0.772745
0.194616
0.581600
0.469002
0.832550
0.836814
0.794931,
0.570530
0.978252
0.308689
0.137497
0.256790
0.950562
0.055377
0.975000
0.376358
0.109124
0.356293
0.098213,
0.485118
0.706747
0.630494
0.520984
0.593797
0.369353
0.742052
0.601362
0.683298
0.902581
0.867367
0.248971
0.705412
0.558643
0.718689
0.772534
0.279551
0.121552
0.184126
0.379619
0.249454
0.470321
0.207226
0.596229
0.112495
0.274385
0.655216
0.421310
0.108385
0.689512
0.094794
0.752690,
0.123396
0.308100
0.718541
0.509019
0.112861
0.421268
0.093821
0.644836
0.367954
0.224779
0.400106
0.274178
0.841370
0.151100
0.255310
0.138730
0.218888
0.324915
0.071402
0.166299
0.778288
0.143944
0.458178
0.331817
0.950307
0.574860
0.279746
0.983686
0.529905
0.821830
0.669321
0.860640
0.722061
0.617946,
0.372089
0.379305
0.827316
0.488803
0.836198
0.941752
0.062310
0.726125
0.243308
0.984295
0.386589
0.618228
0.070370
0.043844
0.810895
0.364113
0.147766,
0.822006
0.387557
0.961652
0.517874
0.234480
0.281858
0.612209
0.309009
0.932662
0.605231
0.414625
0.668092
0.281732
0.186131
0.114195
0.117638
0.086367
0.686827
0.431739
0.872827,
0.713398
0.479329
0.372170
0.712208
0.811923
0.576502
0.215691
0.981242
0.233163
0.596090,
0.341030
0.211513,
0.582511
0.505024
0.469285
0.349971
0.953840
0.201201
0.113236
0.447880
0.583634
0.753027,
0.492025
0.115145
0.539017
0.955809
0.629893
0.879754
0.191375
0.440007
0.010265
0.010416
0.009421
0.791793
0.665026
0.851100
0.571099
0.769372
0.034048
0.007236
0.312230
0.807202
0.520730
0.546905
0.676567
0.856265
0.028491
0.876275
0.011081
0.747909
0.578433
0.899797
0.752275
0.477739
0.855625
0.225369
0.893353
0.349257
0.508272,
0.887415
0.614290
0.954582
0.132432,
0.855874
0.580690
0.010665
0.836384
0.547936
0.604196
0.551694
0.651015
0.917651
0.344224
0.554857
0.678638
0.282783
0.667689
0.086389
0.516624
0.337383
0.621576
0.778097
0.524743
0.967353
0.132180
0.113444
0.175332
0.156640
0.311917
0.375670
0.028387,
0.420438
0.684956
0.803177
0.885175
0.845005
0.513232
0.555998
0.271592
0.947241
0.179116
0.050637
0.249257
0.542500
0.116083
0.721749
0.038178
0.446232
0.176606
0.738917
0.226714
0.648702,
0.430604
0.755291
0.040646
0.755381
0.704008,
0.992859
0.363913
0.472021
0.467514
0.167212
0.898916
0.347491
0.856882
0.852976
0.835535
0.686947
0.703516
0.600344
0.938164
0.376093
0.990731
0.462894
0.367252
0.422465
0.957221
0.500968
0.613639
0.153452
0.211311
0.248887
0.123269,
0.685882
0.610916
0.316062
0.291205
0.726966
0.892655
0.785611
0.648337
0.446562
0.637869
0.322451
0.334545
0.150867
0.613407
0.925587
0.327262,
0.008447
0.428070,
0.602047
0.606995
0.738393
0.129250
0.955257
0.128630
0.613233
0.250436
0.831700
0.909173
0.886201
0.837745
0.809512
0.860385
0.852344
0.017373,
0.657618
0.664147
0.724490
0.491379
0.677389
0.645415
0.258809
0.533995
0.161345
0.519214
0.002726
0.720471
0.699250
0.914169,
0.538365
0.598968
0.070747
0.738960
0.415575
0.340380
0.202743
0.597923
0.181992
0.888350
0.501392
0.972012
0.936033
0.998085
0.457845
0.050527
0.558456
0.001458
0.591923
0.887512
0.497562
0.652296,
0.035505
0.809394
0.263961
0.216124
0.403624
0.109203
0.801624
0.861745
0.573692
0.633159
0.645082
0.194164
0.374334
0.105898
0.329747
0.740928
0.408619
0.590974
0.751129
0.403782
0.356603
0.067153
0.218562
0.041119
0.301501
0.418895
0.424436
0.070331
0.446347
0.852821
0.030400
0.062349
0.115405
0.828367
0.919192
0.629388
